774

1111111111 170... 111111 133, 91191111138.

11111231. 1111111 237,¹ 111111 128.

111111 271. 111 117: 7777 329.

, 11111170.- - 1111111115.

· 11111111 59 99111113.

7777 230. 1111111109 77:77 19

1111119.1111’1’1’1511ξὶ11111 46.. 1111119264.

111111111273·111131911129. 999161
11111112151111111 59..

“ 7777 7'777777 246 &7777 101.

11555. 370 1111111111 253. 31115 272.

.. 5155353·1111111262.11132711,11,111.

11155340· 1111101111238. 11111131.

1911011111) ib 77777 11111119 178.

. 1111111251. 0111111231115153

115103 1111131111 110. ’ 35111105-

1115, 515113 244 ww 104· 77777775 238..

51115515 35· 777777'777777129. “ 111111, 243.

11115 344 1119 187. ·. 11151558·

15173 n 1011111911, 138. 555 ²⁷⁰·

111111. 7 218. · 111 220.

777'7 2691111111 250. 77⁸7 269.

11111111 253. 111111 118. 7777· 233.

1119111218. 1111111 111 188. 111131 103.

1115173. 3351117911111111111139.

’ 7377 159. 77'7 777 347. 7777'7 157.

777777 215. 7777'7 18. 9919191 254.
91111111111208. 7777 111·

99911οῃ 777 21'1‘. 111 7777104·

11111 219.Ι 1111111260.

11111210. 1111353 1111111148107.

7777 210. 1119115110 129. 111 1111, 77777777, 172.

 

