Index Verborum.
Numeris indicantur paginae.

1157775710 2461175175 237. 675175 240.
’5551155511233 11585155, 85. 115455 240.
1155115122115555 ib.
55511173. 11555515 1177777776·
1155111239. 111555555511. mmm.
115551 225. 55555 5 1157777577·
5551441. 55551, 55, 51. ³³³³ ³³³ ²5²·
1551551511 129. · 115535 2.20 ⁸47 109·
15151441.1,·55114 141. ”
15511 173. 15’5 234. 1155751 236.
5551555441. ‘ 15 441.
1155555315 240. “ 77177 777 115555 248
1151551246. 7777 77· 551225.

11555451 107. 777 777
mmmmm 1115 5545555 128 55515 240.

&5³³0ss 85115555512048.1151515172. ’

11531551, ib. 77· 757 &1100 15 ,511 ’55515 263.

1511555511 7197777746 15115111 415. ‘

555 441 1777. ²³⁹ 5, 15, 414.
1151555 114. ³³³ 7576701771111266. ,
2³³⁸ 170· (551) 5551511, 250. 11515515 275.

5511 240.
5515 214.
1115111811151511271. ,

1151511 188.

1115552 228
11555 240.
115555 248. 555, 5551151112.
5555155179. 5555111. 115115 276.
1155 226. 5145171. 1155541 85
11555 257. 1551155471 125. 1155511 169.

 

